0.000000 349 1 0
0.010200 348 2 0
0.020455 347 3 0
0.026523 346 4 0
0.044166 345 5 0
0.045547 344 6 0
0.047829 343 7 0
0.050272 342 8 0
0.052441 341 9 0
0.052501 340 10 0
0.053349 339 11 0
0.055773 338 12 0
0.056096 337 13 0
0.060268 336 14 0
0.060998 335 15 0
0.061371 334 16 0
0.062200 333 17 0
0.063479 333 16 1
0.065022 332 17 1
0.067592 331 18 1
0.068182 330 19 1
0.068572 329 20 1
0.068745 328 21 1
0.071861 327 22 1
0.074081 326 23 1
0.074708 325 24 1
0.074937 324 25 1
0.075141 323 26 1
0.075992 322 27 1
0.076441 321 28 1
0.077208 320 29 1
0.077620 319 30 1
0.079496 318 31 1
0.080254 317 32 1
0.080325 316 33 1
0.081033 315 34 1
0.082208 314 35 1
0.084582 313 36 1
0.085411 312 37 1
0.086648 311 38 1
0.088104 310 39 1
0.089583 309 40 1
0.090428 308 41 1
0.090631 307 42 1
0.091039 306 43 1
0.092086 305 44 1
0.092288 304 45 1
0.092528 303 46 1
0.092691 302 47 1
0.095134 301 48 1
0.096106 300 49 1
0.096643 299 50 1
0.096760 298 51 1
0.097649 297 52 1
0.097840 296 53 1
0.098194 295 54 1
0.099496 294 55 1
0.100231 293 56 1
0.100420 292 57 1
0.100955 291 58 1
0.101126 290 59 1
0.101724 289 60 1
0.102512 288 61 1
0.102931 287 62 1
0.103535 286 63 1
0.104095 285 64 1
0.104129 284 65 1
0.104441 283 66 1
0.106466 282 67 1
0.106641 281 68 1
0.107550 280 69 1
0.107979 279 70 1
0.111094 278 71 1
0.111143 277 72 1
0.111904 276 73 1
0.112167 275 74 1
0.112218 274 75 1
0.112483 273 76 1
0.112516 272 77 1
0.113050 271 78 1
0.113093 270 79 1
0.114032 269 80 1
0.114474 268 81 1
0.115174 267 82 1
0.115369 266 83 1
0.116070 265 84 1
0.116429 264 85 1
0.117505 263 86 1
0.118001 262 87 1
0.118853 261 88 1
0.119439 260 89 1
0.119791 259 90 1
0.119912 258 91 1
0.120604 257 92 1
0.120976 256 93 1
0.121035 255 94 1
0.121632 254 95 1
0.122968 253 96 1
0.123073 252 97 1
0.123989 251 98 1
0.124286 250 99 1
0.124435 249 100 1
0.124946 248 101 1
0.125143 247 102 1
0.125266 246 103 1
0.125460 245 104 1
0.125724 244 105 1
0.125971 243 106 1
0.126034 242 107 1
0.126792 241 108 1
0.126878 240 109 1
0.126928 239 110 1
0.126968 238 111 1
0.127038 237 112 1
0.127401 236 113 1
0.128018 235 114 1
0.128072 234 115 1
0.128260 233 116 1
0.128525 232 117 1
0.128815 231 118 1
0.129113 230 119 1
0.129307 229 120 1
0.129830 228 121 1
0.130050 227 122 1
0.130288 226 123 1
0.130623 225 124 1
0.130708 224 125 1
0.130827 223 126 1
0.130830 222 127 1
0.131002 221 128 1
0.132706 220 129 1
0.132826 219 130 1
0.132928 218 131 1
0.133372 217 132 1
0.133636 216 133 1
0.133724 215 134 1
0.134054 214 135 1
0.134086 213 136 1
0.134895 213 135 2
0.135157 212 136 2
0.136520 211 137 2
0.136632 210 138 2
0.136736 209 139 2
0.136741 208 140 2
0.136757 207 141 2
0.138353 206 142 2
0.138660 205 143 2
0.138762 204 144 2
0.139086 203 145 2
0.139419 202 146 2
0.139462 201 147 2
0.139501 200 148 2
0.139652 199 149 2
0.139658 198 150 2
0.140243 197 151 2
0.140368 196 152 2
0.140529 195 153 2
0.141273 194 154 2
0.141460 193 155 2
0.141486 192 156 2
0.141577 191 157 2
0.141627 190 158 2
0.142098 189 159 2
0.142342 188 160 2
0.142723 187 161 2
0.143230 186 162 2
0.143277 186 161 3
0.143973 185 162 3
0.144379 185 161 4
0.144427 184 162 4
0.144595 183 163 4
0.145508 182 164 4
0.146923 181 165 4
0.147129 180 166 4
0.148252 179 167 4
0.148488 178 168 4
0.148771 177 169 4
0.149251 176 170 4
0.149343 175 171 4
0.149913 174 172 4
0.149986 173 173 4
0.150954 172 174 4
0.151327 171 175 4
0.151838 170 176 4
0.152722 169 177 4
0.152725 168 178 4
0.152861 167 179 4
0.153046 166 180 4
0.153231 165 181 4
0.154445 164 182 4
0.155147 163 183 4
0.155583 163 182 5
0.155639 162 183 5
0.155860 161 184 5
0.155993 160 185 5
0.156019 159 186 5
0.156291 158 187 5
0.156362 157 188 5
0.157075 156 189 5
0.157466 155 190 5
0.157476 154 191 5
0.157840 153 192 5
0.157856 152 193 5
0.157860 151 194 5
0.158613 150 195 5
0.158743 149 196 5
0.159137 148 197 5
0.159711 147 198 5
0.159738 146 199 5
0.159893 145 200 5
0.160028 144 201 5
0.160293 143 202 5
0.160768 142 203 5
0.161429 141 204 5
0.162144 140 205 5
0.162191 139 206 5
0.162609 138 207 5
0.162716 137 208 5
0.162884 136 209 5
0.162997 135 210 5
0.163856 134 211 5
0.165116 133 212 5
0.165816 132 213 5
0.165993 131 214 5
0.166207 130 215 5
0.166259 129 216 5
0.167264 128 217 5
0.168236 127 218 5
0.168878 126 219 5
0.170451 125 220 5
0.170477 124 221 5
0.170650 123 222 5
0.171719 122 223 5
0.172170 121 224 5
0.173037 120 225 5
0.173532 119 226 5
0.174354 118 227 5
0.174758 117 228 5
0.174950 116 229 5
0.175055 115 230 5
0.175351 114 231 5
0.175409 114 230 6
0.175469 113 231 6
0.175497 112 232 6
0.176219 111 233 6
0.176226 110 234 6
0.176675 109 235 6
0.176863 108 236 6
0.177198 108 235 7
0.177262 107 236 7
0.177516 106 237 7
0.177592 105 238 7
0.178053 104 239 7
0.178718 103 240 7
0.178735 102 241 7
0.178758 101 242 7
0.179358 100 243 7
0.179537 99 244 7
0.179580 98 245 7
0.180300 97 246 7
0.180489 96 247 7
0.181120 95 248 7
0.181677 94 249 7
0.181691 93 250 7
0.181815 92 251 7
0.182058 92 250 8
0.182872 91 251 8
0.183410 90 252 8
0.184450 89 253 8
0.184503 88 254 8
0.185130 87 255 8
0.185667 86 256 8
0.185808 85 257 8
0.186142 84 258 8
0.186261 83 259 8
0.186437 82 260 8
0.187031 81 261 8
0.188126 80 262 8
0.188150 79 263 8
0.188510 79 262 9
0.189340 79 261 10
0.190921 78 262 10
0.191079 77 263 10
0.191292 76 264 10
0.191551 75 265 10
0.191553 74 266 10
0.191786 73 267 10
0.191787 72 268 10
0.193282 71 269 10
0.193501 70 270 10
0.194136 69 271 10
0.194255 68 272 10
0.195127 67 273 10
0.195883 67 272 11
0.196275 66 273 11
0.196607 65 274 11
0.196722 64 275 11
0.197235 63 276 11
0.197334 62 277 11
0.197902 61 278 11
0.197943 60 279 11
0.198681 59 280 11
0.199080 58 281 11
0.199292 57 282 11
0.200263 56 283 11
0.200728 56 282 12
0.201958 55 283 12
0.203237 54 284 12
0.203703 53 285 12
0.205996 52 286 12
0.207282 51 287 12
0.207638 50 288 12
0.207638 49 289 12
0.209037 49 288 13
0.209170 48 289 13
0.209522 47 290 13
0.209791 46 291 13
0.210498 45 292 13
0.211099 44 293 13
0.211728 43 294 13
0.213217 42 295 13
0.213467 42 294 14
0.214881 41 295 14
0.215017 40 296 14
0.216172 39 297 14
0.216623 38 298 14
0.217695 37 299 14
0.217794 36 300 14
0.218287 35 301 14
0.218291 34 302 14
0.218674 33 303 14
0.218978 32 304 14
0.220813 31 305 14
0.221128 30 306 14
0.221413 29 307 14
0.221703 28 308 14
0.222379 27 309 14
0.222556 26 310 14
0.223043 25 311 14
0.225399 24 312 14
0.226158 23 313 14
0.227230 22 314 14
0.228664 21 315 14
0.230814 20 316 14
0.230904 19 317 14
0.231744 18 318 14
0.235521 17 319 14
0.235933 17 318 15
0.236936 16 319 15
0.237124 15 320 15
0.237897 14 321 15
0.238125 13 322 15
0.252780 12 323 15
0.255776 11 324 15
0.260539 10 325 15
0.262071 10 324 16
0.264079 9 325 16
0.265237 8 326 16
0.275159 7 327 16
0.280030 6 328 16
0.280464 5 329 16
0.290343 4 330 16
0.292297 4 329 17
0.294702 3 330 17
0.304957 2 331 17
0.305226 1 332 17
0.307036 1 331 18
0.308410 1 330 19
0.312083 1 329 20
0.323498 1 328 21
0.338726 1 327 22
0.342802 0 328 22
0.346451 0 327 23
0.349417 0 326 24
0.353495 0 325 25
0.365691 0 324 26
0.370987 0 323 27
0.371292 0 322 28
0.377447 0 321 29
0.390440 0 320 30
0.391354 0 319 31
0.398274 0 318 32
0.404163 0 317 33
0.407137 0 316 34
0.407530 0 315 35
0.409703 0 314 36
0.414087 0 313 37
0.421872 0 312 38
0.422295 0 311 39
0.431464 0 310 40
0.435284 0 309 41
0.456426 0 308 42
0.480003 0 307 43
0.492172 0 306 44
0.494347 0 305 45
0.498585 0 304 46
0.500553 0 303 47
0.501947 0 302 48
0.507918 0 301 49
0.515076 0 300 50
0.526393 0 299 51
0.544655 0 298 52
0.555808 0 297 53
0.566024 0 296 54
0.574628 0 295 55
0.577427 0 294 56
0.577872 0 293 57
0.588141 0 292 58
0.592384 0 291 59
0.594332 0 290 60
0.597878 0 289 61
0.602437 0 288 62
0.615881 0 287 63
0.616208 0 286 64
0.628782 0 285 65
0.657942 0 284 66
0.664966 0 283 67
0.669465 0 282 68
0.670615 0 281 69
0.671577 0 280 70
0.675379 0 279 71
0.675893 0 278 72
0.684166 0 277 73
0.685390 0 276 74
0.689729 0 275 75
0.697545 0 274 76
0.702609 0 273 77
0.702940 0 272 78
0.707299 0 271 79
0.710411 0 270 80
0.713187 0 269 81
0.722802 0 268 82
0.724721 0 267 83
0.726682 0 266 84
0.727668 0 265 85
0.771661 0 264 86
0.790526 0 263 87
0.808235 0 262 88
0.813666 0 261 89
0.816049 0 260 90
0.826080 0 259 91
0.830890 0 258 92
0.834923 0 257 93
0.848704 0 256 94
0.877870 0 255 95
0.880054 0 254 96
0.883414 0 253 97
0.883495 0 252 98
0.890806 0 251 99
0.906035 0 250 100
0.908510 0 249 101
0.909433 0 248 102
0.910041 0 247 103
0.921105 0 246 104
0.926621 0 245 105
0.928723 0 244 106
0.938250 0 243 107
0.956089 0 242 108
0.963075 0 241 109
0.964834 0 240 110
0.966344 0 239 111
0.978030 0 238 112
0.978157 0 237 113
0.984223 0 236 114
0.985877 0 235 115
0.992384 0 234 116
0.998976 0 233 117
0.999827 0 232 118
1.000783 0 231 119
1.000803 0 230 120
1.006045 0 229 121
1.018328 0 228 122
1.024242 0 227 123
1.029744 0 226 124
1.042662 0 225 125
1.050042 0 224 126
1.058177 0 223 127
1.059290 0 222 128
1.061502 0 221 129
1.069575 0 220 130
1.076254 0 219 131
1.082176 0 218 132
1.084856 0 217 133
1.090413 0 216 134
1.093307 0 215 135
1.099887 0 214 136
1.100791 0 213 137
1.121788 0 212 138
1.124055 0 211 139
1.131895 0 210 140
1.152246 0 209 141
1.185212 0 208 142
1.190806 0 207 143
1.200997 0 206 144
1.202289 0 205 145
1.220210 0 204 146
1.244883 0 203 147
1.258208 0 202 148
1.266442 0 201 149
1.280656 0 200 150
1.352664 0 199 151
1.354019 0 198 152
1.366907 0 197 153
1.382881 0 196 154
1.386905 0 195 155
1.389517 0 194 156
1.392718 0 193 157
1.394472 0 192 158
1.406885 0 191 159
1.414865 0 190 160
1.438989 0 189 161
1.448237 0 188 162
1.451548 0 187 163
1.478266 0 186 164
1.481674 0 185 165
1.483044 0 184 166
1.509557 0 183 167
1.527569 0 182 168
1.539279 0 181 169
1.544186 0 180 170
1.547315 0 179 171
1.547323 0 178 172
1.556076 0 177 173
1.595149 0 176 174
1.598874 0 175 175
1.604071 0 174 176
1.619155 0 173 177
1.628065 0 172 178
1.633435 0 171 179
1.681669 0 170 180
1.689443 0 169 181
1.696296 0 168 182
1.699598 0 167 183
1.716699 0 166 184
1.728658 0 165 185
1.738700 0 164 186
1.784473 0 163 187
1.829179 0 162 188
1.831484 0 161 189
1.831524 0 160 190
1.844358 0 159 191
1.846007 0 158 192
1.851934 0 157 193
1.853068 0 156 194
1.865594 0 155 195
1.871303 0 154 196
1.890264 0 153 197
1.897309 0 152 198
1.897693 0 151 199
1.929037 0 150 200
1.944902 0 149 201
1.967300 0 148 202
1.974606 0 147 203
1.983884 0 146 204
1.987910 0 145 205
1.995582 0 144 206
2.044106 0 143 207
2.044821 0 142 208
2.047530 0 141 209
2.061443 0 140 210
2.075813 0 139 211
2.096865 0 138 212
2.100167 0 137 213
2.108501 0 136 214
2.109593 0 135 215
2.124530 0 134 216
2.142011 0 133 217
2.156379 0 132 218
2.179385 0 131 219
2.205398 0 130 220
2.210985 0 129 221
2.215519 0 128 222
2.222688 0 127 223
2.228696 0 126 224
2.242919 0 125 225
2.263304 0 124 226
2.273664 0 123 227
2.299870 0 122 228
2.301400 0 121 229
2.309296 0 120 230
2.341813 0 119 231
2.341815 0 118 232
2.344335 0 117 233
2.369473 0 116 234
2.391291 0 115 235
2.422639 0 114 236
2.435245 0 113 237
2.436881 0 112 238
2.517092 0 111 239
2.596987 0 110 240
2.629179 0 109 241
2.659355 0 108 242
2.666252 0 107 243
2.674043 0 106 244
2.675670 0 105 245
2.691856 0 104 246
2.706338 0 103 247
2.736167 0 102 248
2.736877 0 101 249
2.746710 0 100 250
2.750778 0 99 251
2.751190 0 98 252
2.782312 0 97 253
2.786370 0 96 254
2.810062 0 95 255
2.894308 0 94 256
2.911346 0 93 257
2.914161 0 92 258
2.937944 0 91 259
2.974106 0 90 260
2.985691 0 89 261
3.080080 0 88 262
3.082018 0 87 263
3.083903 0 86 264
3.086353 0 85 265
3.141531 0 84 266
3.163129 0 83 267
3.223872 0 82 268
3.234539 0 81 269
3.289593 0 80 270
3.335989 0 79 271
3.412684 0 78 272
3.535606 0 77 273
3.537206 0 76 274
3.550555 0 75 275
3.570351 0 74 276
3.578889 0 73 277
3.591193 0 72 278
3.604860 0 71 279
3.621735 0 70 280
3.625505 0 69 281
3.630776 0 68 282
3.669152 0 67 283
3.679958 0 66 284
3.699333 0 65 285
3.736345 0 64 286
3.766299 0 63 287
3.769144 0 62 288
3.792381 0 61 289
3.877092 0 60 290
3.895662 0 59 291
3.898198 0 58 292
3.905960 0 57 293
3.918058 0 56 294
3.972242 0 55 295
4.006235 0 54 296
4.094310 0 53 297
4.133570 0 52 298
4.176502 0 51 299
4.226933 0 50 300
4.256581 0 49 301
4.273743 0 48 302
4.298138 0 47 303
4.315663 0 46 304
4.331347 0 45 305
4.335301 0 44 306
4.345011 0 43 307
4.416546 0 42 308
4.463263 0 41 309
4.497412 0 40 310
4.542429 0 39 311
4.562071 0 38 312
4.816514 0 37 313
4.831624 0 36 314
5.037034 0 35 315
5.053562 0 34 316
5.061359 0 33 317
5.063177 0 32 318
5.067474 0 31 319
5.166058 0 30 320
5.206369 0 29 321
5.242302 0 28 322
5.392385 0 27 323
5.479090 0 26 324
5.493714 0 25 325
5.537129 0 24 326
5.608816 0 23 327
5.632400 0 22 328
5.808188 0 21 329
5.829098 0 20 330
6.004749 0 19 331
6.006041 0 18 332
6.074084 0 17 333
6.202356 0 16 334
6.217177 0 15 335
6.265537 0 14 336
6.413956 0 13 337
6.522849 0 12 338
6.858263 0 11 339
7.160305 0 10 340
7.776341 0 9 341
7.892677 0 8 342
8.161470 0 7 343
9.029064 0 6 344
9.212687 0 5 345
9.637604 0 4 346
10.208279 0 3 347
11.507949 0 2 348
11.695321 0 1 349
15.759269 0 0 350